=================TRAIN=================
Time taken (s): 1.6615262031555176
Iterations: 8
Norm: L2 Norm
Output file: output_iris_train.csv
Centroids (Predicted): 
Centroid 1 = 6.903571428571431, 3.0785714285714283, 5.817857142857141, 2.0571428571428574
Centroid 2 = 4.978571428571428, 3.432142857142858, 1.4250000000000003, 0.22857142857142862
Centroid 3 = 5.818181818181817, 2.722727272727273, 4.325, 1.418181818181818
Number of points: [28 28 44] #100
Centroid (Cluster - Points): 
0 - 7.2, 3.2, 6.0, 1.8
2 - 6.3, 3.3, 4.7, 1.6
0 - 6.3, 3.3, 6.0, 2.5
1 - 5.0, 3.5, 1.3, 0.3
2 - 5.9, 3.0, 5.1, 1.8
1 - 4.6, 3.6, 1.0, 0.2
1 - 5.1, 3.8, 1.6, 0.2
0 - 6.8, 3.0, 5.5, 2.1
1 - 4.9, 3.0, 1.4, 0.2
2 - 6.0, 2.2, 4.0, 1.0
2 - 6.6, 3.0, 4.4, 1.4
2 - 4.9, 2.4, 3.3, 1.0
1 - 4.9, 3.1, 1.5, 0.1
0 - 7.7, 2.6, 6.9, 2.3
2 - 6.0, 2.2, 5.0, 1.5
2 - 5.8, 2.7, 3.9, 1.2
2 - 5.5, 2.5, 4.0, 1.3
1 - 5.4, 3.9, 1.3, 0.4
2 - 6.0, 3.0, 4.8, 1.8
0 - 6.9, 3.2, 5.7, 2.3
2 - 6.4, 2.9, 4.3, 1.3
2 - 6.8, 2.8, 4.8, 1.4
1 - 5.2, 4.1, 1.5, 0.1
0 - 6.5, 3.0, 5.5, 1.8
2 - 5.8, 2.8, 5.1, 2.4
2 - 6.1, 2.9, 4.7, 1.4
2 - 5.5, 2.4, 3.7, 1.0
1 - 4.7, 3.2, 1.3, 0.2
1 - 5.1, 3.5, 1.4, 0.2
0 - 7.7, 2.8, 6.7, 2.0
2 - 5.6, 3.0, 4.1, 1.3
1 - 4.8, 3.0, 1.4, 0.3
2 - 5.5, 2.6, 4.4, 1.2
1 - 4.8, 3.1, 1.6, 0.2
1 - 5.4, 3.7, 1.5, 0.2
2 - 6.0, 2.7, 5.1, 1.6
1 - 4.3, 3.0, 1.1, 0.1
0 - 6.7, 2.5, 5.8, 1.8
2 - 4.9, 2.5, 4.5, 1.7
2 - 5.5, 2.3, 4.0, 1.3
2 - 5.7, 2.6, 3.5, 1.0
2 - 6.1, 2.8, 4.0, 1.3
2 - 5.7, 2.8, 4.1, 1.3
2 - 5.2, 2.7, 3.9, 1.4
1 - 5.1, 3.8, 1.5, 0.3
2 - 5.7, 2.5, 5.0, 2.0
0 - 6.7, 3.0, 5.2, 2.3
0 - 6.3, 2.9, 5.6, 1.8
0 - 6.7, 3.3, 5.7, 2.1
1 - 4.7, 3.2, 1.6, 0.2
0 - 6.5, 3.0, 5.8, 2.2
0 - 7.7, 3.0, 6.1, 2.3
2 - 6.3, 2.7, 4.9, 1.8
1 - 5.5, 3.5, 1.3, 0.2
2 - 6.2, 2.9, 4.3, 1.3
1 - 5.1, 3.8, 1.9, 0.4
2 - 6.5, 2.8, 4.6, 1.5
2 - 5.1, 2.5, 3.0, 1.1
2 - 5.6, 2.7, 4.2, 1.3
1 - 5.0, 3.6, 1.4, 0.2
0 - 7.2, 3.6, 6.1, 2.5
0 - 6.4, 2.8, 5.6, 2.1
2 - 5.8, 2.7, 5.1, 1.9
1 - 4.4, 2.9, 1.4, 0.2
2 - 6.1, 3.0, 4.6, 1.4
1 - 4.4, 3.0, 1.3, 0.2
2 - 5.9, 3.2, 4.8, 1.8
0 - 7.7, 3.8, 6.7, 2.2
1 - 4.6, 3.4, 1.4, 0.3
2 - 5.0, 2.3, 3.3, 1.0
1 - 4.6, 3.2, 1.4, 0.2
2 - 6.1, 3.0, 4.9, 1.8
2 - 5.5, 2.4, 3.8, 1.1
0 - 6.4, 3.2, 5.3, 2.3
0 - 6.4, 2.8, 5.6, 2.2
2 - 5.9, 3.0, 4.2, 1.5
0 - 7.9, 3.8, 6.4, 2.0
1 - 5.2, 3.4, 1.4, 0.2
1 - 5.0, 3.0, 1.6, 0.2
0 - 6.8, 3.2, 5.9, 2.3
1 - 5.1, 3.7, 1.5, 0.4
2 - 5.8, 2.6, 4.0, 1.2
1 - 5.8, 4.0, 1.2, 0.2
2 - 6.3, 2.5, 4.9, 1.5
0 - 7.3, 2.9, 6.3, 1.8
2 - 6.0, 3.4, 4.5, 1.6
0 - 6.3, 3.4, 5.6, 2.4
1 - 5.7, 3.8, 1.7, 0.3
2 - 5.0, 2.0, 3.5, 1.0
0 - 6.9, 3.1, 4.9, 1.5
0 - 6.1, 2.6, 5.6, 1.4
2 - 5.6, 2.5, 3.9, 1.1
0 - 7.6, 3.0, 6.6, 2.1
2 - 5.7, 2.9, 4.2, 1.3
2 - 6.7, 3.1, 4.7, 1.5
0 - 6.5, 3.0, 5.2, 2.0
2 - 5.4, 3.0, 4.5, 1.5
0 - 7.0, 3.2, 4.7, 1.4
0 - 7.1, 3.0, 5.9, 2.1
1 - 5.0, 3.3, 1.4, 0.2
======================================
=================TEST=================
Time taken (s): 0.12366843223571777
Norm: L2 Norm
Number of points: 20
Output file: output_iris_test.csv
Centroids (Predicted): 
Centroid 1 = 6.903571428571431, 3.0785714285714283, 5.817857142857141, 2.0571428571428574
Centroid 2 = 4.978571428571428, 3.432142857142858, 1.4250000000000003, 0.22857142857142862
Centroid 3 = 5.818181818181817, 2.722727272727273, 4.325, 1.418181818181818
Centroids (Test): 
Centroid 1 = 6.814285714285715, 3.0000000000000004, 5.5, 1.957142857142857
Centroid 2 = 5.0200000000000005, 3.45, 1.49, 0.21000000000000002
Centroid 3 = 6.233333333333333, 2.8000000000000003, 4.466666666666667, 1.4333333333333333
Centroid Errors: 
Centroid 1 = 0.3538058386015849
Centroid 2 = 0.0812717788707518
Centroid 3 = 0.4456690114519927
Accuracy: 70.64%
Centroid (Cluster - Points): 
1 - 4.8, 3.4, 1.9, 0.2
0 - 6.4, 3.1, 5.5, 1.8
1 - 5.4, 3.9, 1.7, 0.4
0 - 6.4, 2.7, 5.3, 1.9
0 - 7.4, 2.8, 6.1, 1.9
1 - 4.9, 3.1, 1.5, 0.1
1 - 5.1, 3.5, 1.4, 0.3
1 - 4.9, 3.1, 1.5, 0.1
2 - 6.3, 2.3, 4.4, 1.3
1 - 5.0, 3.4, 1.5, 0.2
1 - 5.5, 4.2, 1.4, 0.2
2 - 6.4, 3.2, 4.5, 1.5
0 - 6.7, 3.0, 5.0, 1.7
0 - 6.7, 3.3, 5.7, 2.5
2 - 6.0, 2.9, 4.5, 1.5
1 - 5.2, 3.5, 1.5, 0.2
1 - 4.4, 3.2, 1.3, 0.2
0 - 7.2, 3.0, 5.8, 1.6
0 - 6.9, 3.1, 5.1, 2.3
1 - 5.0, 3.2, 1.2, 0.2
=====================================